-1152 16312 -620 -118 11931 -1696 2304748
2708 19480 -1992 -648 12797 -1146 2349468
2656 19292 -2344 -571 10624 -1359 2394188
-900 14064 88 -129 14140 -64 2437320
-900 14064 88 -129 14140 -64 2476524
-936 14220 -2552 -81 10438 -846 2516300
3264 22016 -728 -471 10640 -678 2558508
2148 18784 560 -319 9017 -125 2601564
4752 18460 -5416 -249 12466 -120 2642748
-2524 13548 816 -249 11261 -1102 2686428
3304 15748 -2476 -384 10448 -1075 2731148
1772 15764 -960 -166 7656 -1073 2774572
464 15380 -1132 -51 11504 -1095 2817064
-2252 11996 -4392 -1481 11627 -1149 2863228
-11284 21720 9720 -1314 4840 -4100 2908988
3312 6988 -12960 1268 18490 2203 2952668
3312 6988 -12960 1268 18490 2203 2996348
464 13280 -4340 -553 13783 -1565 3040028
2408 15504 -4184 -274 11099 -694 3083708
2724 18336 -2652 -629 10700 -113 3127388
1580 12900 -7316 268 13118 -830 3170540
1748 15548 -1140 235 9618 -2417 3213172
1748 15548 -1140 235 9618 -2417 3255316
-11596 15476 10204 -1085 6663 -2635 3302108
-11596 15476 10204 -1085 6663 -2635 3348908
1520 18544 -820 -666 10986 -630 3392332
2052 19320 -2580 165 11357 -726 3434852
-1944 14836 376 -547 9336 -428 3477404
4360 21140 -2880 -578 12464 1080 3519468
4360 21140 -2880 -578 12464 1080 3563148
-1980 14952 2376 -658 4684 -1155 3606828
-3828 15144 1172 -71 11795 -1229 3650508
-148 14372 -4908 777 11185 -1429 3694188
-1312 15888 820 -113 11926 -1036 3737868
1136 17440 -1492 143 12766 -852 3781172
2776 18328 -4380 20 12195 -567 3823608
-2208 16736 3076 -358 9358 -574 3865220
-2856 11628 -2220 -57 10685 -999 3908428
-2172 12956 -2436 -221 9599 -1158 3953148
356 13984 -2904 391 12348 -1074 3996300
-388 11460 -6912 -199 11737 220 4038900
-8100 4436 -3928 1557 12600 -694 4082108
-8100 4436 -3928 1557 12600 -694 4125788
3032 17740 -5436 543 10825 -1741 4169468
1208 15540 -4884 69 11341 -1616 4212936
3664 19656 -1016 -403 13579 333 4254748
1352 19144 -5516 762 7897 -769 4297856
1352 19144 -5516 762 7897 -769 4339296
-4836 15044 1856 161 12005 -967 4381096
-1024 14484 -1668 -80 11509 -727 4424268
-2000 15404 -832 53 9443 -1091 4467640
-2000 15404 -832 53 9443 -1091 4508780
136 18464 1412 -174 9833 -926 4550532
136 18464 1412 -174 9833 -926 4590932
1368 17520 -1284 131 10980 -1414 4632268
1368 17520 -1284 131 10980 -1414 4675948
2500 18472 -2216 -325 11230 -813 4719636
2028 15020 -4988 -53 11928 -938 4763052
2028 15020 -4988 -53 11928 -938 4805220
268 16136 -1576 -246 12225 -1245 4848588
1768 13288 -3564 367 12974 -1366 4892268
6828 12688 -10856 1035 15149 665 4935948
5492 17616 -2832 128 11713 -1622 4979628
0 15768 -304 -493 11379 -1162 5022644
-2936 15896 1652 -156 10467 -933 5063868
-2684 15884 680 -970 10269 -1222 5107548
796 15844 -4348 -5 12916 -639 5150572
796 15844 -4348 -5 12916 -639 5190976
8308 14944 -9572 611 12924 659 5230504
5260 18852 -4684 -570 10070 -142 5273948
5260 18852 -4684 -570 10070 -142 5317628
1292 14564 -4588 -99 1720 386 5359524
1292 14564 -4588 -99 1720 386 5401084
2004 15960 -3752 -726 -1159 639 5441388
-16 14624 -3788 -202 -1026 4 5484484
-16 14624 -3788 -202 -1026 4 5520428
3376 3412 -13016 916 3464 27 5563636
64 16008 -2532 268 -1712 422 5599468
2156 16428 -3440 725 -4957 205 5642884
-924 15412 596 -798 -8268 820 5684092
-924 15412 596 -798 -8268 820 5722188
4292 27924 -2636 -30 -9784 1031 5764828
-1868 14136 -1216 -621 -11336 -200 5810588
2736 18884 -1924 -68 -10730 721 5853228
3736 16572 -4304 -448 -9058 680 5896648
3736 16572 -4304 -448 -9058 680 5938816
-40 16800 -928 -515 -11012 613 5980108
-932 14460 -2076 62 -12703 -18 6023292
-932 14460 -2076 62 -12703 -18 6064576
-932 14460 -2076 62 -12703 -18 6104908
-864 15496 -304 -6 -11657 528 6148208
-304 15908 -4812 -1890 -10532 282 6190188
716 16500 -5072 -501 -10512 564 6233300
460 15668 -1548 190 -11353 755 6276092
-1956 13464 -2880 -790 -11848 222 6319148
748 14912 -2024 -474 -10640 317 6361788
1440 18192 -2632 -146 -10591 981 6405468
1440 18192 -2632 -146 -10591 981 6449148
1972 13728 -3264 -551 -11116 806 6492828
1264 18628 -708 -919 -11914 830 6535468
2020 16968 -3016 -197 -10171 431 6579148
784 17876 -2224 -1010 -10366 832 6622828
3908 18216 -4720 -130 -10981 1007 6667548
480 16232 -2300 -1064 -9968 473 6710812
-120 18800 -484 -886 -11385 304 6753416
-120 18800 -484 -886 -11385 304 6795736
1692 17448 -2408 -269 -10629 867 6839148
720 16416 -2300 -143 -10140 724 6882252
720 16416 -2300 -143 -10140 724 6924428
392 20092 -504 -351 -13564 940 6967804
1656 14200 -3080 700 -11356 640 7009180
2728 16284 -2596 194 -12249 674 7051816
2728 16284 -2596 194 -12249 674 7094300
1312 16660 -3264 -473 -13008 1015 7138668
2428 15556 -4112 -570 -10850 823 7182356
1336 18696 -2464 11 -11549 674 7225452
1336 18696 -2464 11 -11549 674 7265548
-188 16708 -1096 446 -11962 -142 7309228
1224 15744 -2176 -528 -12340 787 7352908
204 17832 980 494 -10604 1109 7396000
3692 18996 -1764 159 -10085 755 7436772
-4524 6288 -832 -2 -13031 787 7476668
5920 22716 -1508 -1528 -10645 1419 7522428
2656 18644 -1284 -1074 -10381 989 7567148
-756 15688 -216 515 -12431 786 7610532
2344 14036 -4236 131 -8317 611 7651852
2588 15860 -4344 -34 -11534 820 7692988
140 15300 -2740 -521 -10029 1140 7736668
1156 14524 -2112 -219 -11807 797 7780348
1156 14524 -2112 -219 -11807 797 7824028
-1388 18224 2400 -493 -11923 369 7867708
344 15412 -3460 246 -12032 504 7911124
344 15412 -3460 246 -12032 504 7952248
-3676 12680 -476 920 -13615 571 7994012
1688 16944 -4296 -289 -10429 936 8037228
2192 17792 -3412 -209 -10015 510 8080908
164 18704 360 -801 -12345 580 8121468
2080 18460 -404 -580 -12352 742 8164108
-1348 16432 -132 201 -11006 448 8206748
2004 16508 -3492 335 -11767 477 8250052
2004 16508 -3492 335 -11767 477 8292028
1400 16592 -3852 -145 -12261 992 8335708
1400 16592 -3852 -145 -12261 992 8379388
-1140 22440 2216 -517 -12476 768 8423068
3176 24796 1124 -2394 -13139 1500 8467788
5368 27696 556 -2093 -8039 1096 8511248
252 16448 -1500 -493 -10071 881 8553536
252 16448 -1500 -493 -10071 881 8595708
3452 17544 -3884 -340 -11465 506 8639388
-80 15388 -1536 -523 -12260 694 8682028
-880 14652 -1288 377 -10626 673 8724668
3476 17440 -5772 -1293 -9926 1282 8769388
-6336 22584 9876 -552 -17571 1137 8814108
-700 16268 -1952 -666 -10257 806 8857788
1068 15576 -3752 -6 -10678 965 8899680
1068 15576 -3752 -6 -10678 965 8942300
1068 15576 -3752 -6 -10678 965 8982588
-408 18804 -1744 -936 -10210 565 9026268
-7892 8088 132 408 -11511 116 9066828
152 17220 -2364 -37 -11350 464 9108720
2804 16596 -5436 -1103 -10778 1018 9154188
1240 18180 -2284 -1206 -11424 959 9198908
628 13536 -2896 -97 -10482 324 9241972
1460 15564 -3432 163 -11091 -21 9283616
604 15380 -2192 197 -11924 251 9326244
1784 16616 -2332 -485 -9415 690 9367388
500 15312 -2604 -174 -10254 802 9410816
-468 16232 -572 -732 -9947 611 9451728
2696 18212 -4104 -669 -10213 849 9495308
1048 20760 -436 -1936 -9456 1070 9538988
3584 20000 -1700 -812 -9840 820 9582252
3584 20000 -1700 -812 -9840 820 9624268
696 15988 -2248 121 -10812 505 9666224
-248 15220 -1524 -309 -11103 673 9709548
-220 15200 -1352 -361 -10737 475 9753228
5464 17784 -8284 80 -803 151 9796244
24 15672 72 -325 206 503 9834280
388 16252 -3340 -537 640 -27 9871084
32 17488 460 -375 2281 -492 9909268
380 15268 -1060 -294 2573 62 9949116
928 15516 -2144 -140 -975 250 9986188
812 16124 -3080 -123 -874 -164 10029524
444 16004 -2036 -85 -427 -170 10071808
444 16004 -2036 -85 -427 -170 10113252
1028 16092 -2484 -174 -121 -131 10154668
924 16020 -2460 -156 -165 -134 10198728
764 16032 -2508 -199 -125 -109 10241372
860 16128 -2464 -200 -134 -96 10281548
676 15900 -2532 -148 -153 -121 10325920
108 16800 -1476 -128 835 211 10368396
108 16800 -1476 -128 835 211 10408648
1596 15724 -1448 -138 1162 -571 10449460
856 18316 -740 -715 1234 -486 10493360
856 18316 -740 -715 1234 -486 10532188
-20 15356 -1224 -241 1127 -317 10576412
332 14772 -4428 152 421 -519 10618876
3320 24020 -2432 -499 1152 -160 10659068
-2100 15792 964 1041 993 -1387 10703524
5832 12592 -6840 -1195 -360 2939 10746428
5936 17408 -2456 181 -990 3228 10789424
-240 18532 -2528 535 -445 627 10831796
-5240 14996 2512 1080 -2199 -1407 10876428
9688 31288 -64 -3214 1967 -840 10919068
348 18424 -2004 -1771 2672 -156 10963528
348 18424 -2004 -1771 2672 -156 11006744
-264 19376 3228 -818 -1966 -317 11050108
552 18460 -96 130 -2028 969 11094428
3104 16564 -5288 -323 1510 254 11132468
580 14844 -3224 -624 -408 682 11176640
-392 17072 -576 -329 956 100 11216568
-392 17072 -576 -329 956 100 11258284
980 14824 -2748 -60 -1342 260 11297712
940 17068 -2132 -562 706 431 11339488
940 17068 -2132 -562 706 431 11377708
1996 17972 -2228 -1075 2608 -67 11422012
4012 19620 -844 -1040 2696 893 11465524
-2852 13916 1100 -213 352 -211 11508288
1956 17084 -3412 167 951 -304 11550768
-384 16612 -1352 134 -127 -123 11592328
2268 14928 -6684 -133 447 -174 11633548
2404 16084 -4700 255 1640 557 11677996
4784 18800 -2856 139 1662 28 11715708
2588 10936 -7076 -2789 3085 515 11760208
2588 10936 -7076 -2789 3085 515 11803068
624 13964 -4372 1004 -892 -115 11847484
1672 19244 -2192 195 1645 -337 11888348
152 17424 -2192 202 2385 320 11932752
732 16764 -952 -664 -50 32 11972836
956 15384 -3844 -253 327 -71 12011396
748 15940 -2384 -296 -97 19 12052076
812 16180 -2632 -221 -157 -41 12091488
812 16180 -2632 -221 -157 -41 12132936
812 16104 -2512 -166 -156 -95 12175000
940 16008 -2492 -191 -143 -109 12216332
940 16008 -2492 -191 -143 -109 12258820
932 16088 -2432 -205 -88 -50 12301680
872 15988 -2436 -225 -95 -66 12342236
912 16016 -2412 -228 -97 -68 12382644
804 16080 -2568 -228 -105 -70 12423248
872 16064 -2400 -214 -115 -73 12464844
872 15980 -2528 -200 -114 -87 12506448
800 15976 -2412 -212 -118 -96 12548360
796 16040 -2480 -213 -126 -53 12589796
796 16040 -2480 -213 -126 -53 12628828
844 16168 -2472 -215 -105 -56 12671692
912 16096 -2424 -227 -109 -77 12712028
884 16064 -2396 -210 -112 -65 12756360
928 16116 -2396 -210 -107 -45 12795228
884 16008 -2464 -231 -90 -72 12839516
892 16072 -2460 -219 -91 -71 12879760
948 16124 -2544 -201 -100 -73 12920520
888 16088 -2504 -216 -112 -84 12962124
1040 16140 -2468 -216 -114 -66 13003616
788 16168 -2356 -221 -118 -61 13046208
796 16008 -2560 -233 -111 -62 13087964
864 16136 -2328 -204 -115 -51 13126988
764 16036 -2368 -210 -109 -84 13171320
828 16172 -2380 -224 -92 -74 13212720
828 16172 -2380 -224 -92 -74 13249708
780 16180 -2400 -211 -93 -91 13293840
832 16064 -2360 -233 -102 -87 13331868
852 16084 -2348 -225 -101 -49 13376200
848 16064 -2436 -209 -96 -56 13417600
848 16064 -2436 -209 -96 -56 13454588
980 16048 -2516 -224 -111 -46 13498608
808 16060 -2560 -193 -102 -46 13538888
884 16048 -2432 -222 -126 -68 13579388
3048 14276 -5148 -5227 842 312 13623840
3048 14276 -5148 -5227 842 312 13666016
428 14816 -620 2791 -872 94 13708988
428 14816 -620 2791 -872 94 13748036
-1572 13268 -5000 -1354 15 -99 13786348
-5652 11264 3484 2020 -4084 -432 13831068
-5652 11264 3484 2020 -4084 -432 13875788
2308 15716 -3052 -150 438 -169 13919888
2156 15908 -1784 -777 -1571 -172 13963148
3264 11716 -5924 -551 486 -291 14007564
3308 20904 -2688 167 -116 274 14049880
1260 19596 3008 -809 -2160 883 14091532
192 18604 1656 719 -2079 -471 14134288
524 18068 -1964 -226 -852 540 14175844
-84 16256 -4468 1332 -40 -769 14217560
2324 12848 -320 -1270 -179 -864 14258508
-6880 19368 2736 301 -3672 -2324 14303228
516 18756 -2304 1479 1540 -299 14346208
-3420 14788 384 176 -1402 470 14389960
220 15404 -5784 179 243 -425 14431520
220 15404 -5784 179 243 -425 14471916
220 15404 -5784 179 243 -425 14509148
308 16940 -980 -7 571 -122 14553228
308 16940 -980 -7 571 -122 14591392
308 16940 -980 -7 571 -122 14624588
2136 15932 -4396 -233 545 70 14668964
464 15492 -2928 -168 -493 129 14709208
464 15492 -2928 -168 -493 129 14750644
404 15316 -1912 -19 -648 -298 14792364
2448 17256 -4420 -621 323 -81 14832680
-852 15752 -1080 -356 -2380 131 14875660
1148 15004 -3464 -435 1747 -334 14918908
-676 15168 580 -15 -3577 260 14959468
-140 13304 -1044 -349 -5166 -328 15004188
1448 15764 -3556 150 166 136 15048584
-384 17144 228 -1084 637 -813 15088808
-1644 13628 4604 1245 1493 835 15130528
-1644 13628 4604 1245 1493 835 15173012
1808 18708 -5516 1793 1605 -943 15215816
7880 9604 -7056 1424 -3123 31 15256908
-9176 25064 6124 -1958 -6135 598 15301628
4980 26952 -1028 -913 3385 -1131 15346348
2952 22892 -8364 -995 -1128 -242 15391068
-3768 15836 72 1391 -1332 -1193 15435528
1104 16004 -3768 140 868 -393 15477528
-680 13584 -2752 -11 -1645 -279 15520028
68 12992 -6036 479 -7 -206 15564264
-28 16848 120 -183 404 109 15602628
496 14092 -3092 138 -539 219 15641040
496 14092 -3092 138 -539 219 15681440
1344 15100 -5352 -646 310 -53 15720864
-2108 14704 -8 226 -890 -25 15763796
-2108 14704 -8 226 -890 -25 15803000
708 14888 -5092 -704 -1540 -191 15842860
-1176 16256 -1412 -77 -377 -52 15885068
1420 15068 -1044 -643 -365 -56 15929136
-824 13824 -2004 -356 -1525 -590 15972428
284 21168 -4868 1894 2819 17 16016520
-708 18816 -1388 128 -44 -625 16057004
-708 18816 -1388 128 -44 -625 16098456
248 16616 -3380 -291 94 88 16138832
1432 17292 -3736 225 -1026 -442 16178348
1432 17292 -3736 225 -1026 -442 16222340
1432 17292 -3736 225 -1026 -442 16266024
552 17272 -2776 -772 1290 -2 16306452
876 17028 -2868 -699 -566 685 16347868
124 14516 -1836 617 -799 -312 16389468
444 15528 -2564 775 -1969 -624 16433884
1628 15584 -7016 805 -2621 -866 16476256
1140 15500 -2720 -286 -685 -414 16519892
1316 16464 -2136 -407 50 28 16563476
684 16008 -2568 -326 -68 3 16602904
736 16208 -2368 -248 -80 34 16641436
736 16208 -2368 -248 -80 34 16676508
936 16036 -2540 -172 -118 -116 16719148
904 16044 -2576 -194 -134 -95 16763324
904 16044 -2576 -194 -134 -95 16802348
856 16112 -2272 -207 -119 -87 16846672
876 16100 -2440 -211 -119 -87 16885548
984 16056 -2416 -212 -105 -69 16929888
908 16156 -2460 -228 -118 -79 16971168
1008 16068 -2508 -232 -127 -73 17011388
868 16044 -2368 -235 -107 -73 17055404
920 15984 -2412 -205 -109 -94 17094588
884 16132 -2500 -206 -104 -77 17138920
884 16132 -2500 -206 -104 -77 17177788
852 16108 -2444 -201 -121 -54 17222120
980 16108 -2512 -210 -114 -56 17260988
852 16124 -2548 -194 -102 -66 17305320
872 16092 -2408 -211 -108 -63 17346764
888 16128 -2380 -222 -117 -48 17385788
920 16160 -2552 -209 -103 -69 17429964
908 16144 -2548 -206 -123 -73 17471404
952 16076 -2416 -207 -102 -65 17513004
848 15988 -2464 -230 -122 -73 17553276
924 16056 -2432 -199 -90 -63 17596164
992 16144 -2460 -224 -100 -70 17636768
840 16124 -2408 -196 -118 -56 17678368
908 16140 -2436 -210 -102 -80 17717548
1032 16096 -2376 -206 -120 -87 17761924
900 16128 -2320 -207 -104 -79 17801788
920 16164 -2544 -222 -98 -74 17845912
856 16076 -2444 -217 -122 -57 17883948
868 16052 -2464 -226 -105 -85 17928288
768 16072 -2320 -211 -126 -62 17969568
768 16072 -2320 -211 -126 -62 18011008
768 16072 -2320 -211 -126 -62 18052608
944 16096 -2472 -199 -132 -71 18091948
940 16044 -2452 -228 -122 -56 18133548
916 16080 -2424 -213 -130 -68 18177872
876 16116 -2584 -222 -106 -79 18217996
796 16120 -2564 -214 -117 -70 18260924
912 16104 -2244 -217 -92 -83 18302324
912 16104 -2244 -217 -92 -83 18339468
880 16088 -2452 -198 -126 -70 18383792
880 16088 -2452 -198 -126 -70 18424932
904 16108 -2496 -226 -104 -59 18466844
968 16036 -2372 -214 -123 -69 18508288
872 16104 -2404 -216 -116 -65 18548556
908 16104 -2508 -216 -132 -63 18591648
916 16148 -2400 -214 -103 -71 18630676
864 16124 -2528 -201 -109 -60 18674844
864 16124 -2528 -201 -109 -60 18716128
864 16124 -2528 -201 -109 -60 18757732
888 16136 -2512 -204 -102 -53 18799644
860 16064 -2492 -210 -120 -77 18841244
796 16084 -2540 -203 -111 -67 18882844
820 16172 -2640 -216 -110 -79 18924444
964 16108 -2356 -240 -90 -72 18964516
872 16092 -2468 -221 -127 -83 19006604
884 16084 -2456 -208 -89 -64 19044588
936 16136 -2428 -201 -125 -69 19088920
936 16136 -2428 -201 -125 -69 19127788
1008 16144 -2464 -218 -92 -77 19172120
892 16144 -2476 -203 -111 -64 19213408
824 16072 -2348 -218 -84 -70 19255120
964 16136 -2492 -224 -131 -74 19293148